fi_by_bucket
104.653337882314
104.639472585733
89.5686735782826
98.5085902367814
69.7988666533558
37.7464062711741
87.6616956641812
101.47285759122
75.5456449854752
142.60631709282
57.6501425671051
27.9854980985315
101.762711876068
26.2336070133885
9.58700028878234
99.3176276121193
101.200636730742
107.415144710167
160.95456257995
3.67017477959816
151.73870834687
62.3904138802268
19.8293159722001
88.7582380164415
101.179384012928
16.2909327905302
60.850689315675
89.96753063012
101.178275842915
5.846608041786
83.2809367086352
80.1942430000651
73.5448904830706
130.79308607121
79.3093731094307
42.9996566340465
59.5578005060007
77.3630333221485
73.8687387419532
5.84019515312608
127.246084623124
32.4297458017996
139.514116315974
74.1020771294369
69.5476992228018
35.6652470033217
89.595280617626
111.775509352046
79.1047599335525
46.3911198850917
104.528593616909
109.930624929723
81.3295384835128
69.3821037350449
61.1062973210454
71.4643360736425
79.4080747141514
93.2227931978285
52.6855106079853
17.1132025868868
85.6515880581563
211.169726657187
114.392139842605
135.455560043966
111.890158024605
96.4824997105089
24.2128619670864
113.390918519874
52.1151135453268
91.0373008858135
101.467478900977
135.448493453211
59.1576891167526
18.6830207193459
107.080173484396
83.1221175338822
24.2595321798661
70.992830698713
37.2408171051482
93.2935089377236
116.387602014976
90.2512357125676
58.8470218576623
71.0544573198981
70.647906214937
5.12632030279089
72.3878821997422
6.66208072743072
53.4804309204525
90.1006531666057
84.4837110116328
80.6107976162186
63.8585932327043
100.654958340461
77.4882309374511
6.64301633901536
99.7464255501392
105.999429902853
4.14906570857323
40.1530235482855
66.8880446014435
121.612634548705
170.842546375045
70.3587736436847
51.0020351476499
63.5904324499106
104.72482553511
21.268243846874
97.0695082896221
143.739458805042
82.6391524566706
85.9054030672387
53.6800868511915
59.5139856192606
97.2206645941606
45.5147986923057
133.215143246634
126.821371916514
129.479852160561
94.4763154103952
93.7198116994022
64.4924069261954
7.11178762611475
69.0725065279322
57.6045322369999
58.5168072947897
42.9573244057836
79.2514597741778
100.915219183895
70.8744799695026
88.3381708058623
74.5282555906217
89.1732837575936
4.20753137471404
63.4117134354624
101.430071370205
88.8909826663855
84.0057590785474
59.2478036894835
98.1796476311158
58.0910345901189
131.960299796437
39.738750909061
106.463694946547
104.907920253121
36.6949675473538
99.3403177968598
86.2935628273241
78.6244348647614
61.712798790318
139.279515441945
56.3870830995932
97.4944274421251
105.632527919506
55.9566855363612
87.7126375697609
115.044847021014
24.0480044032418
45.9041725617503
61.7327069555047
109.473753593058
117.135093419958
44.2288734067018
88.2967032967033
71.4481065693337
25.4907977079391
80.5789402583977
125.081113064449
25.9906827906301
93.6846920499253
7.44384762213322
118.313616025771
52.5607215445378
6.67561017288101
44.3561732385262
58.6120124219672
90.7300936489482
74.8114603148758
84.7142455068152
92.1122396122396
31.4239860224118
62.144680246789
